0.07736585289239883
0.07853277772665024
0.03889280930161476
0.06876164674758911
0.04734291508793831
0.09031461924314499
0.08060073852539062
0.05820690467953682
0.06035880744457245
0.05754943937063217
0.06458543241024017
0.06114482879638672
0.05088403448462486
0.06898283958435059
0.06405901163816452
0.057424262166023254
0.06111127510666847
0.06891292333602905
0.042193859815597534
0.05791158974170685
0.02788633480668068
0.06542477011680603
0.06176037713885307
0.06309930980205536
0.0713341012597084
0.028688376769423485
0.05424128845334053
0.03311460092663765
0.06631529331207275
0.0745091438293457
0.049441903829574585
0.055759262293577194
0.03440475091338158
0.06666978448629379
0.04666199907660484
0.06386527419090271
0.03255290165543556
0.07292620092630386
0.056784454733133316
0.07679027318954468
0.07933660596609116
0.0773950070142746
0.05726335197687149
0.06473076343536377
0.05668376013636589
0.0764942318201065
0.08611585944890976
0.06399616599082947
0.06532390415668488
0.07538525015115738
0.059655312448740005
0.05260134115815163
0.0668785572052002
0.0665612742304802
0.05365408957004547
0.0734187588095665
0.04947812482714653
0.06279193609952927
0.036563266068696976
0.038021981716156006
0.03295179083943367
0.06921502202749252
0.06278471648693085
0.0465443916618824
