0.03096572495996952
0.030369093641638756
0.016417190432548523
0.026687541976571083
0.01828460581600666
0.028855200856924057
0.031822025775909424
0.02530735358595848
0.025022443383932114
0.02386992610991001
0.02331514284014702
0.02718835510313511
0.020234672352671623
0.027266545221209526
0.027891213074326515
0.02545260265469551
0.021857695654034615
0.02431580051779747
0.017094990238547325
0.02239261008799076
0.01233854703605175
0.024740945547819138
0.02535892464220524
0.026212669909000397
0.028329571709036827
0.012322783470153809
0.02308134362101555
0.011585408821702003
0.027547592297196388
0.02850967086851597
0.019847804680466652
0.02079290710389614
0.012086223810911179
0.02621585503220558
0.018015602603554726
0.024754967540502548
0.013201897963881493
0.028884291648864746
0.02072213590145111
0.030174821615219116
0.030489210039377213
0.031068596988916397
0.023819534108042717
0.027806324884295464
0.024301540106534958
0.030372444540262222
0.02940184623003006
0.02254401706159115
0.024947717785835266
0.029100753366947174
0.019416701048612595
0.02120436169207096
0.027129432186484337
0.02608882077038288
0.022634269669651985
0.030085934326052666
0.0184333436191082
0.02609284222126007
0.014163638465106487
0.012912039645016193
0.01191830262541771
0.02945771813392639
0.02853257767856121
0.01583382487297058
