0.04605324938893318
0.041355717927217484
0.013058457523584366
0.03417689725756645
0.02038588933646679
0.0373402014374733
0.0370686836540699
0.038276318460702896
0.030496222898364067
0.026934891939163208
0.023102669045329094
0.03240518644452095
0.02242872305214405
0.041268229484558105
0.039891842752695084
0.03397970274090767
0.022787630558013916
0.030017025768756866
0.01964673213660717
0.01928434520959854
0.011041378602385521
0.028612906113266945
0.037950001657009125
0.03425581008195877
0.03783236816525459
0.010411970317363739
0.026797663420438766
0.009886851534247398
0.03785160556435585
0.03699446842074394
0.022356508299708366
0.020908379927277565
0.010639898478984833
0.03810222074389458
0.017138289287686348
0.03145824745297432
0.012520705349743366
0.04670480266213417
0.0193987675011158
0.03651655837893486
0.04289122298359871
0.035549312829971313
0.01893056184053421
0.03902263194322586
0.035167593508958817
0.02857615239918232
0.04372062906622887
0.020957184955477715
0.024240637198090553
0.036090489476919174
0.019064106047153473
0.020041517913341522
0.03748331964015961
0.032990437000989914
0.03289690241217613
0.03488979861140251
0.021452276036143303
0.045207638293504715
0.0124468132853508
0.012573354877531528
0.009375921450555325
0.046692896634340286
0.04159684106707573
0.014715648256242275
